1 153 146
2 68 251
3 167 234
4 179 233
5 166 209
6 175 386
7 204 381
8 221 378
9 222 290
10 228 278
11 199 278
12 225 220
13 283 175
14 300 267
15 280 286
16 255 375
17 291 288
18 282 376
19 317 341
20 281 386
21 266 429
22 294 390
23 293 428
24 414 304
25 430 374
26 405 431
27 402 493
28 434 478
29 489 446
30 493 478
31 491 598
32 387 554
33 315 535
34 99 514
35 17 506
36 263 530
37 255 494
38 24 475
39 328 530
40 264 496
41 262 514
42 314 530
43 315 523
44 180 521
45 178 496
46 177 430
47 224 433
48 227 415
49 247 428
50 223 526
51 238 538
52 259 638
53 379 586
54 307 578
56 391 499
57 311 489
58 279 502
59 273 518
60 307 431
